1 4 2 7 3 9 4 2 5 6 6 1 7 3 8 5 9 8 10 10
1 4 2 7 3 9 4 2 5 6 6 1 7 3 8 5 9 8 10 10
1 4 2 7 3 9 4 2 5 6 6 1 7 3 8 5 9 8 10 10
1 5 2 3 3 8 4 6 5 2 6 9 7 1 8 4 9 7 10 10
1 4 2 8 3 10 4 5 5 2 6 6 7 1 8 3 9 7 10 9
1 5 2 3 3 6 4 9 5 7 6 1 7 4 8 2 9 8 10 10
1 4 2 7 3 9 4 2 5 6 6 1 7 3 8 5 9 8 10 10
1 4 2 7 3 9 4 2 5 6 6 1 7 3 8 5 9 8 10 10
1 4 2 6 3 9 4 3 5 1 6 8 7 2 8 5 9 7 10 10
1 2 2 4 3 6 4 8 5 10 6 1 7 3 8 5 9 7 10 9
1 4 2 7 3 9 4 2 5 6 6 1 7 3 8 5 9 8 10 10
1 4 2 7 3 9 4 2 5 6 6 1 7 3 8 5 9 8 10 10
1 2 2 4 3 6 4 8 5 10 6 1 7 3 8 5 9 7 10 9
1 4 2 7 3 9 4 2 5 6 6 1 7 3 8 5 9 8 10 10
1 2 2 4 3 6 4 8 5 10 6 1 7 3 8 5 9 7 10 9
1 4 2 6 3 9 4 3 5 1 6 8 7 2 8 5 9 7 10 10
1 2 2 4 3 6 4 8 5 10 6 1 7 3 8 5 9 7 10 9
1 4 2 7 3 9 4 2 5 6 6 1 7 3 8 5 9 8 10 10
1 4 2 6 3 9 4 3 5 1 6 8 7 2 8 5 9 7 10 10
1 2 2 4 3 6 4 8 5 10 6 1 7 3 8 5 9 7 10 9
1 10 2 3 3 5 4 2 5 8 6 1 7 7 8 4 9 6 10 9
1 4 2 7 3 9 4 2 5 6 6 1 7 3 8 5 9 8 10 10
1 4 2 7 3 9 4 2 5 6 6 1 7 3 8 5 9 8 10 10
1 4 2 6 3 9 4 3 5 1 6 8 7 2 8 5 9 7 10 10
1 7 2 3 3 8 4 2 5 5 6 1 7 10 8 4 9 6 10 9
1 2 2 4 3 6 4 8 5 10 6 1 7 3 8 5 9 7 10 9
1 4 2 6 3 9 4 3 5 1 6 8 7 2 8 5 9 7 10 10
1 5 2 3 3 6 4 9 5 7 6 1 7 4 8 2 9 8 10 10
1 4 2 6 3 9 4 3 5 1 6 8 7 2 8 5 9 7 10 10
1 6 2 8 3 2 4 7 5 1 6 3 7 5 8 9 9 4 10 10
1 3 2 6 3 9 4 2 5 8 6 1 7 4 8 7 9 5 10 10
1 4 2 6 3 3 4 9 5 2 6 8 7 5 8 7 9 10 10 1
1 6 2 9 3 7 4 1 5 4 6 2 7 5 8 8 9 10 10 3
1 6 2 4 3 2 4 7 5 9 6 3 7 1 8 8 9 10 10 5
1 3 2 5 3 8 4 1 5 9 6 4 7 2 8 7 9 10 10 6
1 5 2 9 3 2 4 4 5 8 6 1 7 3 8 6 9 10 10 7
1 4 2 9 3 7 4 3 5 1 6 6 7 2 8 5 9 10 10 8
1 2 2 4 3 6 4 8 5 10 6 1 7 3 8 5 9 7 10 9
1 4 2 7 3 9 4 2 5 6 6 1 7 3 8 5 9 8 10 10
